CODIGO EUROBIT N°000
1110001111110001111110001111110001111110001111110001111110001111110001111110
0011111100011111100011111100011111100011111100011111100011111100011111100011
1111000111111000111111000111111000111111000111111000111111000111111000111111
0001111110001111110001111110001111110001111110001111110001111110001111110001
1111100011111100011111100011111100011111100011111100011111100011111100011111
1000111111000111111000111111000111111000
1110001111110001111110001111110001111110001111110001111110001111110001111110
0011111100011111100011111100011111100011111100011111100011111100011111100011
1111000111111000111111000111111000111111000111111000111111000111111000111111
0001111110001111110001111110001111110001111110001111110001111110001111110001
1111100011111100011111100011111100011111100011111100011111100011111100011111
1000111111000111111000111111000111111000
1110001111110001111110001111110001111110001111110001111110001111110001111110
0011111100011111100011111100011111100011111100011111100011111100011111100011
1111000111111000111111000111111000111111000111111000111111000111111000111111
0001111110001111110001111110001111110001111110001111110001111110001111110001
1111100011111100011111100011111100011111100011111100011111100011111100011111
1000111111000111111000111111000111111000
1110001111110001111110001111110001111110001111110001111110001111110001111110
0011111100011111100011111100011111100011111100011111100011111100011111100011
1111000111111000111111000111111000111111000111111000111111000111111000111111
0001111110001111110001111110001111110001111110001111110001111110001111110001
1111100011111100011111100011111100011111100011111100011111100011111100011111
1000111111000111111000111111000111111000
1110001111110001111110001111110001111110001111110001111110001111110001111110
0011111100011111100011111100011111100011111100011111100011111100011111100011
1111000111111000111111000111111000111111000111111000111111000111111000111111
0001111110001111110001111110001111110001111110001111110001111110001111110001
1111100011111100011111100011111100011111100011111100011111100011111100011111
1000111111000111111000111111000111111000
1110001111110001111110001111110001111110001111110001111110001111110001111110
0011111100011111100011111100011111100011111100011111100011111100011111100011
1111000111111000111111000111111000111111000111111000111111000111111000111111
0001111110001111110001111110001111110001111110001111110001111110001111110001
1111100011111100011111100011111100011111100011111100011111100011111100011111
1000111111000111111000111111000111111000
1110001111110001111110001111110001111110001111110001111110001111110001111110
0011111100011111100011111100011111100011111100011111100011111100011111100011
1111000111111000111111000111111000111111000111111000111111000111111000111111
0001111110001111110001111110001111110001111110001111110001111110001111110001
1111100011111100011111100011111100011111100011111100011111100011111100011111
1000111111000111111000111111000111111000
1110001111110001111110001111110001111110001111110001111110001111110001111110
0011111100011111100011111100011111100011111100011111100011111100011111100011
1111000111111000111111000111111000111111000111111000111111000111111000111111
0001111110001111110001111110001111110001111110001111110001111110001111110001
